5 0.3537685192307692 0.34118055528846153 0.45385185096153846 0.3581388894230769 0.4506203701923077 0.1825833341346154 0.2916203701923077 0.135375 0.29726851923076925 0.608736110576923 0.3481203701923077 0.6063194447115385 0.3537685192307692 0.34118055528846153
5 0.8081666658653847 0.32544444471153844 0.7920277788461539 0.31697222115384616 0.812203704326923 0.3036527788461539 0.80575 0.089375 0.7008240745192308 0.13416666586538462 0.6975925937499999 0.40413888942307696 0.8113981490384615 0.3920277788461538 0.8081666658653847 0.32544444471153844
15 0.45465740625 0.3557083341346154 0.357 0.34361111057692306 0.3505370360576923 0.4840416658653846 0.4554629639423077 0.48525 0.45465740625 0.3557083341346154
14 0.44981481490384617 0.48768055528846155 0.36103703605769233 0.48888888942307696 0.35537962980769233 0.6026805552884615 0.45385185096153846 0.5857361105769231 0.44981481490384617 0.48768055528846155
16 0.48936111057692305 0.6511111105769231 0.5248703701923076 0.6438472211538462 0.53859259375 0.6341666658653846 0.5281018509615385 0.6269027788461539 0.48290740624999995 0.6184305552884616 0.4304444447115384 0.6293194447115386 0.4215648149038461 0.6414305552884615 0.4482037043269231 0.6499027788461539 0.48936111057692305 0.6511111105769231
16 0.7355277788461538 0.5748472211538462 0.5967037043269231 0.5627361105769231 0.5450555552884615 0.5700000000000001 0.6822592596153847 0.593 0.7355277788461538 0.5748472211538462
12 0.44981481490384617 0.5070416658653847 0.4110740745192307 0.5070416658653847 0.4110740745192307 0.6256944447115385 0.44981481490384617 0.6256944447115385 0.44981481490384617 0.5070416658653847
12 0.6709629639423077 0.4828333341346154 0.61365740625 0.4828333341346154 0.61365740625 0.5772638894230769 0.6709629639423077 0.5772638894230769 0.6709629639423077 0.4828333341346154
11 0.8622407403846153 0.2806527788461538 0.79525 0.31697222115384616 0.8307685192307692 0.3448194447115384 0.8719259254807692 0.33876388942307695 0.9958333341346154 0.3104166658653846 0.9990740745192308 0.000986110576923077 0.9050185192307693 0.000986110576923077 0.90259259375 0.03736111057692308 0.9066296298076922 0.06879166586538461 0.9106666658653846 0.2649166658653846 0.8622407403846153 0.2806527788461538
18 0.9990740745192308 0.5922222211538462 0.8719444447115384 0.5761111105769231 0.8130092596153846 0.6135833341346154 0.9990740745192308 0.6290277788461538 0.9990740745192308 0.5922222211538462
15 0.9990740745192308 0.8787916658653846 0.9962222211538462 0.7419166658653846 0.8662962956730769 0.7031944447115385 0.8307685192307692 0.9114027788461538 0.9990740745192308 0.9736250000000001 0.9990740745192308 0.8787916658653846