5 0.6977166658653846 0.047875 0.19495833413461539 0.21656250000000002 0.18025833413461537 0.2331 0.09940833413461539 0.25405 0.11851666586538462 0.4447875 0.4698583341346154 0.43486250000000004 0.4698583341346154 0.419425 0.7006583341346153 0.4073 0.6977166658653846 0.047875
11 0.7182916658653846 0.40950625 0.4742666658653846 0.42163124999999996 0.471325 0.4359625 0.7065333341346154 0.42604374999999994 0.7182916658653846 0.40950625
15 0.7388750000000001 0.96518125 0.40223333413461543 0.8461062500000001 0.4110583341346154 0.99385 0.7456666658653847 0.999375 0.7388750000000001 0.96518125
5 0.40811666586538464 0.99495 0.3848333341346154 0.7684375 0.022966665865384615 0.6564749999999999 0.036191665865384616 0.8692625 0.2508166658653846 0.99605625 0.40811666586538464 0.99495
16 0.3404916658653846 0.6454500000000001 0.2537583341346154 0.6200874999999999 0.1435083341346154 0.6388312500000001 0.137625 0.6454500000000001 0.2273 0.66529375 0.3404916658653846 0.6454500000000001
5 0.08695833413461539 0.25185 0.10720833413461538 0.44499375 0.47324166586538463 0.4363125 0.4558833341346154 0.133575 0.08695833413461539 0.25185
15 0.7252416658653846 0.9684187499999999 0.39620833413461537 0.8484812500000001 0.40285833413461536 0.999375 0.7236583341346154 0.999375 0.7252416658653846 0.9684187499999999
16 0.2485 0.6119625 0.08733333413461539 0.64335625 0.23036666586538462 0.6915 0.3825 0.6428125 0.2485 0.6119625
18 0.7184333341346154 0.69045 0.65705 0.67456875 0.46017499999999995 0.75078125 0.6422333341346154 0.79523125 0.7269166658653846 0.747625 0.7184333341346154 0.69045
12 0.3391333341346154 0.54110625 0.21773333413461537 0.54110625 0.21773333413461537 0.6290187500000001 0.3391333341346154 0.6290187500000001 0.3391333341346154 0.54110625
18 0.7143583341346154 0.67015 0.654075 0.66889375 0.45899999999999996 0.7505249999999999 0.6440333341346154 0.8126874999999999 0.720225 0.7530375 0.7143583341346154 0.67015