14 0.48199555528846155 0.4009666658653846 0.5525599999999999 0.4086866658653846 0.5525599999999999 0.34142999999999996 0.5334488894230769 0.33040666586538464 0.5275688894230769 0.3403266658653846 0.49081777884615385 0.34584 0.48199555528846155 0.4009666658653846
13 0 0.9963316298076923 0.28648 0.9952333341346153 0.3688 0.88388 0.36586222115384615 0.7570866658653846 0.3585333341346154 0.2014 0.07773333413461538 0.0018499999999999999 0.004231110576923077 0.0018499999999999999 0 0.7173129903846154 0 0.9963316298076923
11 0.4158444447115385 0.3568666658653846 0.4423066658653846 0.34914999999999996 0.48052444471153843 0.3469433341346154 0.5422666658653846 0.3359166658653846 0.4040844447115385 0.27087 0.3732133341346154 0.25984333413461536 0.3732133341346154 0.3469433341346154 0.39232444471153843 0.35576333413461536 0.4158444447115385 0.3568666658653846
16 0.5633155552884616 0.4981133341346154 0.5200222211538461 0.5125 0.7943066658653847 0.5377766658653846 0.7847155552884615 0.5141433341346153 0.5633155552884616 0.4981133341346154
12 0.67556 0.48241 0.6590666658653846 0.48241 0.6590666658653846 0.50893 0.67556 0.50893 0.67556 0.48241
10 0.7911822211538462 0.2907966658653846 0.7836222211538462 0.3393766658653846 0.8490533341346154 0.33740666586538465 0.8556311105769231 0.28537 0.7911822211538462 0.2907966658653846
23 0.7854622211538461 0.6873466658653846 0.8762133341346154 0.69445 0.9010755552884615 0.5600966658653846 0.674191110576923 0.5387866658653846 0.6505155552884615 0.7181233341346154 0.7799377788461539 0.7450533341346154 0.7854622211538461 0.6873466658653846
14 0.5494311105769231 0.3395733341346154 0.48891999999999997 0.3068933341346154 0.48016888942307695 0.40165666586538457 0.5463866658653846 0.4115033341346154 0.5494311105769231 0.3395733341346154
11 0.5302399999999999 0.33555666586538463 0.39816888942307693 0.2691766658653846 0.3693955552884616 0.2626 0.3688488894230769 0.35898333413461536 0.5275022211538462 0.3429533341346154 0.5302399999999999 0.33555666586538463
18 0.3984977788461539 0.5567866658653846 0.5329777788461538 0.5160333341346154 0.43502222115384614 0.4889666658653846 0.36881333413461537 0.5001 0.37063999999999997 0.55302 0.3984977788461539 0.5567866658653846
5 0.6422311105769231 0.7030633341346154 0.6731022211538461 0.5376833341346153 0.5481466658653846 0.5332733341346154 0.3732133341346154 0.59281 0.38203111057692307 0.8331633341346154 0.5437377788461538 0.6788066658653846 0.6422311105769231 0.7030633341346154
18 0.3982044447115385 0.5487066658653846 0.4246622211538461 0.5420933341346154 0.4687644447115385 0.5354766658653847 0.5246266658653846 0.51563 0.4834666658653846 0.5090166658653846 0.48787555528846155 0.4990933341346154 0.4158444447115385 0.5001966658653847 0.4158444447115385 0.5090166658653846 0.3732133341346154 0.50571 0.3688 0.5420933341346154 0.3982044447115385 0.5487066658653846