5 0.5248512860576923 0 0.3519 0.00744 0.367445 0.2146933341346154 0.547755 0.21054666586538462 0.5415375 0.09310333413461538 0.9094125000000001 0.07790666586538463 0.9177025 0.0019133341346153844 0.6595664399038461 0 0.5248512860576923 0
11 0.61615 0.19396666586538464 0.6576 0.19673000000000002 0.681435 0.17462333413461537 0.7487925 0.17462333413461537 0.7664074999999999 0.19673000000000002 0.8088949999999999 0.19396666586538464 0.8223674999999999 0.1760066658653846 0.8462000000000001 0.1842966658653846 0.8969775 0.13317333413461538 0.8938699999999999 0.08205000000000001 0.547755 0.09863 0.54361 0.14837 0.58817 0.1677166658653846 0.61615 0.19396666586538464
18 0.842055 0.52972 0.7902425 0.51452 0.6627799999999999 0.52281 0.589205 0.5089933341346154 0.564335 0.5089933341346154 0.542575 0.5753133341346154 0.8544900000000001 0.6070933341346154 0.842055 0.52972
5 0.8624350000000001 0.6511233341346153 0.515285 0.6108233341346154 0.5075125 0.9689133341346154 0.8417100000000001 0.9976966658653846 0.8624350000000001 0.6511233341346153
13 0.0026774999999999998 0 0.0026774999999999998 0.6554533341346154 0.026512499999999998 0.9925866658653846 0.06589 0.9981133341346153 0.14924500000000002 0.9996666658653847 0.362205 0.9996666658653847 0.3487925 0.06961333413461539 0.1798166153846154 0 0.0026774999999999998 0
11 0.537995 0.09250666586538461 0.5386725 0.19287666586538463 0.9042075 0.19378 0.9069200000000001 0.07894333413461538 0.537995 0.09250666586538461
8 0.44099 0.35665 0.3449625 0.3468833341346154 0.3579825 0.7516166658653846 0.4523825 0.6235766658653846 0.44099 0.35665
18 0.55088 0.49715000000000004 0.5000175 0.5822966658653846 0.8803575 0.6244933341346154 0.8498399999999999 0.5235233341346154 0.55088 0.49715000000000004
23 0.50878 0.9927166658653845 0.49820000000000003 0.7116833341346154 0.4770425 0.6498366658653846 0.3623 0.8321333341346153 0.36973999999999996 0.9996666658653847 0.445125 0.9996666658653847 0.50878 0.9927166658653845
13 0 0.9996666658653847 0.3704575 0.9996666658653847 0.33889 0.07060333413461538 0.16545249999999997 0.0018533341346153845 0.00139 0.0018533341346153845 0 0.39738178846153843 0 0.9996666658653847
5 0.3576345913461539 0 0.3630275 0.25345999999999996 0.5393525 0.2417066658653846 0.537995 0.00118 0.4594541730769231 0 0.3576345913461539 0