5 0.17155555528846153 0.13996666586538462 0.18262222115384616 0.25527 0.45891111057692313 0.2763666658653846 0.46092 0.17916333413461538 0.17155555528846153 0.13996666586538462
14 0.6244000000000001 0.21753333413461537 0.5877511105769231 0.23281000000000002 0.5772844447115385 0.34880333413461534 0.6127511105769231 0.34357 0.6244000000000001 0.21753333413461537
18 0.24452000000000002 0.4472066658653846 0.21932444471153845 0.485 0.47466222115384615 0.47955 0.4533466658653846 0.44539 0.24452000000000002 0.4472066658653846
23 0.5865866658653845 0.5489566658653846 0.5121644447115384 0.49968 0.4958844447115384 0.6488166658653847 0.5644933341346154 0.7521633341346153 0.5865866658653845 0.5489566658653846
11 0.4604 0.29193333413461536 0.44995555528846154 0.2751933341346154 0.19877777884615386 0.2547866658653846 0.18971111057692308 0.2673466658653846 0.2259911105769231 0.31496333413461536 0.4262311105769231 0.3290933341346154 0.4604 0.29193333413461536
13 0.726471110576923 0.9996666658653847 0.98928 0.02451 0.6160133341346155 0.2081033341346154 0.563928889423077 0.7810199999999999 0.7016444447115385 0.9996666658653847 0.726471110576923 0.9996666658653847
5 0.23355555528846153 0.5442966658653846 0.2614888894230769 0.6512433341346154 0.4775866658653846 0.6269866658653847 0.48787555528846155 0.4825566658653846 0.22473777884615384 0.49468333413461535 0.22767555528846153 0.51563 0.26296 0.5332733341346154 0.23355555528846153 0.5442966658653846
18 0.24532 0.4516833341346154 0.22767555528846153 0.4792466658653846 0.4731733341346154 0.4726333341346154 0.4555333341346154 0.44507 0.24532 0.4516833341346154
11 0.2512 0.30615000000000003 0.24825777884615385 0.31056 0.2879511105769231 0.31938 0.30264888942307694 0.31607333413461536 0.3761511105769231 0.31607333413461536 0.38497333413461543 0.32379 0.41290222115384617 0.3259966658653846 0.4628844447115385 0.29402333413461534 0.4467155552884616 0.27528 0.20562666586538464 0.2565366658653846 0.18798666586538462 0.26315 0.18651555528846153 0.27087 0.21297777884615382 0.30615000000000003 0.2512 0.30615000000000003
14 0.6304711105769231 0.2466133341346154 0.6201822211538462 0.23558666586538463 0.5804888894230769 0.24991999999999998 0.5775511105769231 0.3392266658653846 0.62312 0.3204833341346154 0.6304711105769231 0.2466133341346154
5 0.4717066658653846 0.34142999999999996 0.5363866658653846 0.34142999999999996 0.57608 0.33040666586538464 0.58784 0.2333833341346154 0.64076 0.20471666586538462 0.6378222211538461 0.1308466658653846 0.5584399999999999 0.19479333413461536 0.17182222115384616 0.1507 0.18355555528846154 0.25213333413461536 0.45112444471153845 0.2730733341346154 0.4717066658653846 0.34142999999999996
13 0.7039555552884615 0.9996666658653847 0.8303955552884615 0.7383433341346154 0.9935733341346153 0.030516665865384617 0.64076 0.20361333413461538 0.5496177788461538 0.78906 0.6025377788461539 0.8761599999999999 0.7039555552884615 0.9996666658653847