5 0.32703826442307693 0 0.203455 0.0020866658653846152 0.2102375 0.08256 0.4150425 0.14224 0.4177262115384615 0 0.32703826442307693 0
18 0.26558 0.7409133341346154 0.496815 0.5267866658653846 0.31126 0.49476333413461543 0.104515 0.5977433341346153 0.11157750000000001 0.6580266658653847 0.26558 0.7409133341346154
12 0.7129825000000001 0.45897 0.6362175 0.45897 0.6362175 0.5255299999999999 0.7129825000000001 0.5255299999999999 0.7129825000000001 0.45897
23 0.32762749999999996 0.7417400000000001 0.12092249999999999 0.9479033341346154 0.124805 0.9996666658653847 0.33327 0.9996666658653847 0.32762749999999996 0.7417400000000001
16 0.5547424999999999 0.48471666586538464 0.48833750000000004 0.54751 0.78127 0.60842 0.7897475 0.5274133341346153 0.5547424999999999 0.48471666586538464
14 0.20976250000000002 0.27878000000000003 0.201625 0.005703334134615384 0.07141499999999999 0.0020866658653846152 0.086335 0.2823966658653846 0.20976250000000002 0.27878000000000003
11 0.21189000000000002 0.08911666586538461 0.21047749999999998 0.21219333413461536 0.4633775 0.22914666586538462 0.4652625 0.15505 0.21189000000000002 0.08911666586538461
10 0.54123 0.07015666586538462 0.4738575 0.06928666586538462 0.4715675 0.16172999999999998 0.5395925 0.16609000000000002 0.54123 0.07015666586538462
14 0.06978932932692308 0 0.08264250000000001 0.2216466658653846 0.189725 0.22855666586538462 0.18799749999999998 0.008636665865384615 0.08940037019230769 0 0.06978932932692308 0
16 0.5619175 0.4979866658653846 0.510105 0.5405866658653846 0.7838525000000001 0.5924 0.8011225 0.5359833341346154 0.5619175 0.4979866658653846
18 0.10855 0.6338533341346154 0.296805 0.6960266658653846 0.45225 0.5509666658653847 0.31495 0.5152666658653846 0.10855 0.6338533341346154
11 0.24672 0.21704 0.2441275 0.19746666586538464 0.2519 0.19746666586538464 0.2570825 0.21588999999999997 0.2924875 0.2216466658653846 0.3011225 0.21474 0.306305 0.21704 0.33221 0.21704 0.3546625 0.20092333413461538 0.45656250000000004 0.2032233341346154 0.4634725 0.18825666586538461 0.413385 0.1398966658653846 0.213905 0.09844666586538461 0.21131250000000001 0.17559 0.2242675 0.2101333341346154 0.24672 0.21704
5 0.7829875000000001 0.7351766658653845 0.76399 0.72942 0.7354925 0.7202066658653846 0.7363550000000001 0.6914233341346154 0.782125 0.6891200000000001 0.784715 0.6234900000000001 0.49715000000000004 0.57628 0.483335 0.8986766658653846 0.7570825 0.9723666658653846 0.7829875000000001 0.7351766658653845