5 0 0 0 0.3409116490384615 0.0008874999999999999 0.3587266658653846 0.1958325 0.36739333413461533 0.1904175 0.28075 0.3279625 0.33851 0.371285 0.3760566658653846 0.37020250000000005 0.21288 0.24010870432692308 0 0 0
18 0.272295 0.5892933341346154 0.14323249999999998 0.7180533341346155 0.3102025 0.70963 0.38059750000000003 0.58448 0.2695875 0.5748533341346154 0.272295 0.5892933341346154
14 0 0.6792657067307692 0.10262 0.6145633341346154 0.08457 0.4075833341346154 0.06652 0.39194 0 0.3888482860576923 0 0.6792657067307692
23 0.34853999999999996 0.8034933341346153 0.32904500000000003 0.78472 0.2457725 0.9996666658653847 0.3661475 0.9996666658653847 0.36045499999999997 0.8756966658653845 0.34853999999999996 0.8034933341346153
10 0.4794175 0.21493 0.41924 0.21493 0.41924 0.2973466658653846 0.4794175 0.2973466658653846 0.4794175 0.21493
5 0.3754025 0.9996666658653847 0.4243525 0.7399566658653847 0.4915 0.7414 0.48825250000000003 0.5608933341346154 0.417855 0.5637833341346153 0.33013 0.7789433341346155 0.3496225 0.8034933341346153 0.3706425 0.9996666658653847 0.3754025 0.9996666658653847
5 0.8359049999999999 0.38760999999999995 0.99975 0.3903933341346154 0.99975 0.0032766658653846157 0.9041374999999999 0.08002666586538461 0.800165 0.11901666586538462 0.621465 0.10168666586538462 0.564065 0.12479333413461538 0.5489025 0.17100333413461538 0.5434875 0.3818333341346154 0.61605 0.3818333341346154 0.8359049999999999 0.38760999999999995
11 0.07994749999999999 0.41793333413461536 0.2402375 0.41504666586538463 0.371285 0.38905333413461535 0.36262 0.36306 0.3171325 0.33129000000000003 0.19258499999999998 0.2865266658653846 0.19475 0.3760566658653846 0.12002 0.3688366658653846 0.07994749999999999 0.41793333413461536
10 0.6340025 0.53583 0.5939725 0.53583 0.5939725 0.5747599999999999 0.6340025 0.5747599999999999 0.6340025 0.53583
16 0.66262 0.56956 0.55865 0.56956 0.5748949999999999 0.6258766658653846 0.703775 0.6143233341346154 0.66262 0.56956
5 0.8012475 0.89158 0.87513 0.9996666658653847 0.9261325 0.9996666658653847 0.96262 0.7226266658653846 0.828325 0.6330966658653847 0.571645 0.6504233341346153 0.5434875 0.58833 0.54132 0.7861633341346154 0.56948 0.91324 0.8012475 0.89158