18 0.24839 0.4442133341346154 0.21306750000000002 0.4698533341346154 0.3429725 0.47456333413461543 0.3571 0.4484 0.24839 0.4442133341346154
12 0.435265 0.39502666586538465 0.42153 0.39502666586538465 0.42153 0.45607333413461537 0.435265 0.45607333413461537 0.435265 0.39502666586538465
11 0.3588275 0.3509666658653846 0.353175 0.19649333413461537 0.21142 0.18519 0.19540749999999998 0.18456333413461537 0.194465 0.34845333413461543 0.3588275 0.3509666658653846
15 0.6249524999999999 0.2894966658653846 0.5451525 0.2847 0.54123 0.36014 0.6200475 0.3640666658653846 0.6249524999999999 0.2894966658653846
13 0.73472 0.32512 0.64882 0.31758333413461537 0.6216925 0.6318033341346154 0.7008125000000001 0.6280366658653846 0.73472 0.32512
11 0.19835 0.33449999999999996 0.357255 0.3425466658653846 0.3555275 0.32297000000000003 0.3166675 0.32067 0.3166675 0.1963166658653846 0.2648525 0.19516333413461537 0.2570825 0.3183666658653846 0.202675 0.3160666658653846 0.19835 0.33449999999999996
13 0.6940425 0.6223366658653846 0.7363550000000001 0.32297000000000003 0.6603625 0.31261 0.6456825 0.3183666658653846 0.626685 0.6257933341346154 0.6940425 0.6223366658653846
5 0.3443 0.6292466658653846 0.6163225 0.6200366658653846 0.6284125 0.48532000000000003 0.1992225 0.4784133341346154 0.20872249999999998 0.5981566658653846 0.33998249999999997 0.60852 0.3443 0.6292466658653846
5 0.551555 0.2849733341346154 0.6223675 0.2838233341346154 0.6301375 0.22855666586538462 0.3529375 0.2032233341346154 0.362435 0.34600000000000003 0.5411925 0.36327 0.551555 0.2849733341346154
16 0.42201999999999995 0.4542333341346154 0.41684 0.4703533341346154 0.5463725 0.47265333413461535 0.536875 0.45308 0.42201999999999995 0.4542333341346154
15 0.6214999999999999 0.2838333341346154 0.548965 0.28037 0.5463725 0.3598166658653846 0.617185 0.3575133341346154 0.6214999999999999 0.2838333341346154
18 0.33912 0.4703533341346154 0.3494825 0.45077666586538456 0.2441275 0.44387000000000004 0.2173575 0.4645933341346154 0.2657175 0.46689666586538464 0.33912 0.4703533341346154