18 0.4936975 0.5221666658653846 0.47729 0.5152566658653847 0.4479275 0.5141066658653846 0.42634 0.5267700000000001 0.42634 0.5371333341346154 0.32444 0.58204 0.4487925 0.6234900000000001 0.5558725 0.5532533341346154 0.5023325 0.54289 0.4936975 0.5221666658653846
5 0.8702075 0.5935533341346153 0.5981875 0.5555566658653845 0.59387 0.7858366658653846 0.8486175 0.8917666658653847 0.8702075 0.5935533341346153
15 0.562775 0.6361666658653846 0.459155 0.7271166658653846 0.471245 0.8963733341346154 0.5705525 0.7616599999999999 0.562775 0.6361666658653846
16 0.7959425 0.5336799999999999 0.6793625 0.5221666658653846 0.6629550000000001 0.54289 0.794215 0.55786 0.7959425 0.5336799999999999
11 0.4332475 0.31490999999999997 0.4988775 0.3022466658653846 0.4988775 0.28843 0.36934999999999996 0.24813333413461539 0.36589 0.27231 0.296805 0.2941866658653846 0.4332475 0.31490999999999997
5 0.1276000528846154 0 0.14654499999999998 0.2101333341346154 0.3667525 0.2688533341346154 0.3667525 0.25158333413461537 0.4988775 0.2861266658653846 0.49542250000000004 0.30569999999999997 0.5895525 0.33103000000000005 0.5955975 0.13413999999999998 0.47297 0.005183334134615385 0.16204986298076923 0 0.1276000528846154 0
11 0.2980875 0.29307 0.4333725 0.32019 0.49652 0.3072633341346154 0.49794000000000005 0.29055 0.3678575 0.24829333413461538 0.36856750000000005 0.2719433341346154 0.3614725 0.27288999999999997 0.2980875 0.29307
16 0.6561649999999999 0.5080333341346154 0.6163525000000001 0.5400933341346155 0.8148225 0.5668966658653847 0.8164 0.5195966658653846 0.6561649999999999 0.5080333341346154
15 0.56699 0.6361066658653846 0.46359249999999996 0.72765 0.468905 0.9074733341346154 0.5682175 0.7706999999999999 0.56699 0.6361066658653846
12 0.7597550000000001 0.4185166658653846 0.7183200000000001 0.4185166658653846 0.7183200000000001 0.52523 0.7597550000000001 0.52523 0.7597550000000001 0.4185166658653846
5 0.587765 0.13841333413461537 0.49035999999999996 0.037603334134615383 0.4968325 0.3068833341346154 0.5864025 0.33321999999999996 0.587765 0.13841333413461537
18 0.59628 0.5256066658653846 0.4995 0.5066866658653846 0.2948725 0.5835066658653847 0.40896499999999997 0.65162 0.59628 0.5256066658653846