13 0.6492222211538461 0.9996666658653847 0.8334355552884615 0.9996666658653847 0.8833733341346155 0.18727 0.6576799999999999 0.20940666586538462 0.5514222211538462 0.24196666586538462 0.5882355552884616 0.9346666658653846 0.6492222211538461 0.9996666658653847
5 0.59372 0.8563133341346153 0.5746088894230769 0.5729633341346154 0.3732133341346154 0.5123233341346154 0.3585111105769231 0.50571 0.21884444471153847 0.5211333341346154 0.25413333413461536 0.7548666658653846 0.3820444447115384 0.7141000000000001 0.59372 0.8563133341346153
5 0.5718182379807693 0 0.5181866658653846 0.002463334134615385 0.29045777884615387 0.10921 0.3097155552884615 0.2015166658653846 0.4202311105769231 0.1782833341346154 0.42441777884615384 0.21784333413461537 0.6013333341346153 0.18163333413461538 0.6002730576923077 0 0.5718182379807693 0
23 0.22481777884615387 0.5393466658653846 0.20773777884615383 0.5265366658653846 0.11932444471153847 0.5363333341346154 0.16956 0.8196566658653845 0.25496 0.79253 0.22481777884615387 0.5393466658653846
18 0.5612444447115384 0.46746666586538466 0.5162355552884615 0.4557266658653846 0.3766933341346154 0.48503 0.5608888894230769 0.5514866658653846 0.5612444447115384 0.46746666586538466
12 0.27455111057692305 0.42255 0.2352 0.42255 0.2352 0.46775999999999995 0.27455111057692305 0.46775999999999995 0.27455111057692305 0.42255
5 0.43789333413461534 0.22346000000000002 0.5951911105769231 0.18928 0.6128311105769231 0.20361333413461538 0.8936088894230768 0.16392333413461538 0.89508 0.0018499999999999999 0.5613777788461538 0.0007333341346153846 0.30559111057692306 0.11541 0.29824 0.21023 0.4158444447115385 0.1870766658653846 0.43789333413461534 0.22346000000000002
11 0.4883288894230769 0.2546133341346154 0.5232133341346153 0.26551333413461536 0.5487955552884615 0.2585366658653846 0.5511199999999999 0.24065999999999999 0.611008889423077 0.22190666586538463 0.6017022211538461 0.19269 0.4330933341346154 0.2206 0.38308888942307695 0.23934999999999998 0.38483555528846153 0.24981666586538462 0.4883288894230769 0.2546133341346154
14 0.42776444471153846 0.2548933341346154 0.38423111057692305 0.24986666586538464 0.38590222115384615 0.23731000000000002 0.42106666586538466 0.22788999999999998 0.41772000000000004 0.18205 0.3113911105769231 0.20403 0.3247866658653846 0.3258466658653846 0.43613777884615385 0.32459333413461533 0.42776444471153846 0.2548933341346154
18 0.5158088894230769 0.4549933341346154 0.4687644447115385 0.4726333341346154 0.3923111105769231 0.4836666658653846 0.5775511105769231 0.5520166658653847 0.5584399999999999 0.4605033341346154 0.5158088894230769 0.4549933341346154
16 0.3291111105769231 0.4605033341346154 0.1600533341346154 0.48035 0.20709777884615385 0.51122 0.39085333413461537 0.48145333413461533 0.3291111105769231 0.4605033341346154
11 0.5158088894230769 0.2642533341346154 0.5452088894230769 0.2620466658653846 0.5584399999999999 0.2411 0.5966577788461538 0.2300733341346154 0.6128311105769231 0.19479333413461536 0.4423066658653846 0.22346000000000002 0.4349555552884615 0.22346000000000002 0.38938222115384613 0.23558666586538463 0.38644444471153844 0.24771666586538463 0.48787555528846155 0.2510233341346154 0.5158088894230769 0.2642533341346154
13 0.8303955552884615 0.9963366658653846 0.8450977788461539 0.5817833341346154 0.8627377788461538 0.18817666586538462 0.7186755552884615 0.20471666586538462 0.5525599999999999 0.23558666586538463 0.5834311105769231 0.9423133341346154 0.6451733341346154 0.9963366658653846 0.8303955552884615 0.9963366658653846