18 0 0.7521915384615384 0.12712 0.8377199999999999 0.423425 0.6011966658653847 0.29509250000000004 0.57294 0.0023175 0.69434 0 0.7429014399038463 0 0.7521915384615384
5 0.08357750961538463 0 0.0626 0.06357333413461538 0.4369475 0.29596 0.43966 0.19830333413461537 0.27545601442307693 0 0.08357750961538463 0
11 0.3833725 0.2869166658653846 0.382695 0.27516 0.07141499999999999 0.07080666586538462 0.00020749999999999998 0.023786665865384617 0.0022425 0.2227166658653846 0.2518075 0.3122333341346154 0.3833725 0.2869166658653846
23 0.7308325 0.9996666658653847 0.763825 0.6842333341346154 0.536775 0.643 0.536775 0.9717766658653846 0.7084475 0.9996666658653847 0.7308325 0.9996666658653847
14 0.4322 0.28992999999999997 0.34178 0.2251266658653846 0.34291000000000005 0.39466999999999997 0.4322 0.4112466658653846 0.4322 0.28992999999999997
10 0.70364 0.19932 0.644375 0.2045666658653846 0.6392774999999999 0.29298666586538463 0.70011 0.2861833341346154 0.70364 0.19932
12 0.5599225 0.5217633341346154 0.4996425 0.5217633341346154 0.4996425 0.5795333341346154 0.5599225 0.5795333341346154 0.5599225 0.5217633341346154
16 0.44148 0.54634 0.3780325 0.5925633341346154 0.65864 0.6453266658653847 0.65308 0.5725033341346154 0.44148 0.54634
16 0.6499999999999999 0.5774333341346154 0.45656250000000004 0.5440433341346154 0.4038875 0.5924 0.64741 0.64076 0.6499999999999999 0.5774333341346154
18 0.28125 0.6914333341346153 0.347755 0.6453666658653846 0.39525 0.59931 0.2829875 0.5739799999999999 0.2536275 0.6039166658653846 0.12754749999999998 0.65803 0.08782500000000001 0.68106 0.010105000000000001 0.7202066658653846 0.14482 0.7927466658653847 0.204405 0.7489933341346154 0.28125 0.6914333341346153
11 0.07228 0.2630966658653846 0.0800525 0.2584933341346154 0.08609750000000001 0.2458266658653846 0.189725 0.2907333341346154 0.19144999999999998 0.30569999999999997 0.2354925 0.3160633341346154 0.248445 0.3080033341346154 0.30544 0.3022466658653846 0.38056999999999996 0.2907333341346154 0.386615 0.27346 0.06278 0.05699666586538461 0.0109675 0.03512 0.0023325 0.016696665865384618 0.010105000000000001 0.24352333413461538 0.07228 0.2630966658653846
14 0.3520725 0.36902666586538463 0.42806500000000003 0.39551000000000003 0.4358375 0.3091533341346154 0.384025 0.2780666658653846 0.3823 0.29303333413461535 0.34862499999999996 0.2953333341346154 0.3520725 0.36902666586538463
5 0.10539734375 0 0.002325 0.0028666658653846155 0.0031999999999999997 0.013233334134615386 0.345165 0.24697666586538464 0.345165 0.2251 0.4332475 0.29764 0.4487925 0.20783 0.2620869519230769 0 0.10539734375 0