5 0.9499145288461539 0.99908425 0.9993425384615384 0.9961538461538461 0.9967258389423077 0.9018772884615385 0.9665023004807692 0.8713278389423077 0.5778961201923077 0.5754304038461538 0.5635634447115385 0.7761813197115385 0.6904010528846154 0.99908425 0.9499145288461539 0.99908425
5 0.7302050384615384 0 0.6159829062500001 0.1532509158653846 0.4639973701923077 0.11716117307692307 0.4501775144230769 0.3673443221153846 0.5926692956730769 0.3685531129807692 0.5900723197115385 0.3384798533653846 0.6004404999999999 0.3252472524038461 0.6108021033653845 0.31442307692307697 0.7550295865384615 0.23141025721153846 0.7567389879807693 0.32289377403846153 0.9967784350961538 0.23626373557692307 0.9993425384615384 0.000457875 0.91191540625 0 0.7302050384615384 0
5 0.5676199879807693 0.5790384615384615 0.23860618028846153 0.6163278389423077 0.2481065096153846 0.8436630048076924 0.5693491129807693 0.7654761899038461 0.5676199879807693 0.5790384615384615
11 0.6953583173076924 0.3673717956730769 0.8425115048076923 0.33850732692307695 0.7461406971153846 0.3226282043269231 0.7492439182692308 0.2562362644230769 0.7140105192307692 0.2562362644230769 0.6145299134615384 0.3154120889423077 0.5948454951923077 0.3399450552884616 0.6953583173076924 0.3673717956730769
16 0.24562130288461537 0.5564560432692308 0.20934911298076922 0.5824358966346154 0.4518343197115385 0.57521978125 0.43836291826923074 0.5535714278846154 0.24562130288461537 0.5564560432692308
18 0.7616831033653846 0.5925366298076923 0.6684155168269231 0.5477930408653846 0.6497633125 0.5477930408653846 0.6145299134615384 0.5420238100961539 0.6093491129807692 0.5564560432692308 0.5772255096153847 0.5593406586538461 0.6922485216346155 0.6444963365384615 0.7948454951923077 0.6141849807692308 0.7616831033653846 0.5925366298076923
11 0.5859697572115384 0.34082417548076926 0.5859697572115384 0.3508699639423077 0.8289612091346155 0.3389377283653846 0.7509730432692308 0.3301465192307692 0.7523208413461538 0.2409798533653846 0.6684681129807692 0.2761446875 0.6112163052884616 0.3138278389423077 0.5859697572115384 0.34082417548076926
5 0.61316896875 0.3134706971153846 0.6147271538461538 0.13877289423076922 0.44879026923076926 0.09754578846153847 0.44489809375 0.38183150240384617 0.6100525961538461 0.3872527475961538 0.61316896875 0.3134706971153846
18 0.6305982908653847 0.5405128197115384 0.5490006586538462 0.5480402932692308 0.6995792235576922 0.6679761899038461 0.8194937548076923 0.6227655673076923 0.6305982908653847 0.5405128197115384
16 0.2460486514423077 0.5525457884615385 0.19194608894230772 0.5985897427884616 0.4538001322115385 0.5807967043269231 0.44215647596153845 0.5405128197115384 0.2460486514423077 0.5525457884615385
12 0.38625246634615384 0.46414835096153845 0.35487837019230767 0.46414835096153845 0.35487837019230767 0.5440293028846154 0.38625246634615384 0.5440293028846154 0.38625246634615384 0.46414835096153845