23 0.6636697259615385 0.9213761466346154 0.6817545865384615 0.5837958725961538 0.6003784399038461 0.5031708725961539 0.5762614687500001 0.7872477067307693 0.6463417427884616 0.9221272932692308 0.6636697259615385 0.9213761466346154
16 0.25215022836538464 0.39551605528846157 0.25215022836538464 0.4177408245192308 0.4680676610576923 0.40980504567307696 0.4521903677884615 0.38598623798076925 0.25215022836538464 0.39551605528846157
12 0.38850917548076924 0.3483256875 0.32760321153846156 0.3483256875 0.32760321153846156 0.37909403605769226 0.38850917548076924 0.37909403605769226 0.38850917548076924 0.3483256875
5 0.6373764134615385 0 0.5585665144230769 0.05099197355769231 0.2966055048076923 0.02876720192307692 0.29184059615384617 0.2161066514423077 0.5411009182692308 0.21452408173076923 0.5395126153846154 0.19388187980769228 0.5728555048076923 0.18753440384615386 0.5823795865384616 0.1668922019230769 0.6871674302884615 0.16530389903846154 0.6792259182692307 0.10814793509615385 0.7078038990384615 0.10338876201923078 0.7125688076923077 0.00018922115384615383 0.7038703701923077 0 0.6373764134615385 0
16 0.2333944951923077 0.38470756971153847 0.22946674278846152 0.41915711057692306 0.47759174278846156 0.4134862379807692 0.45012041346153847 0.3777293581730769 0.2333944951923077 0.38470756971153847
18 0.6918004591346154 0.41488532211538465 0.6497305048076923 0.39416284375 0.5197477067307692 0.4067201826923077 0.6277522932692308 0.5071903677884616 0.6861525240384616 0.5046788990384615 0.6918004591346154 0.41488532211538465
11 0.5425630745192308 0.22545871634615383 0.6890825697115385 0.22912270673076923 0.6885607788461539 0.1610951826923077 0.5985550456730769 0.16841743028846154 0.5477981658653847 0.19353784375 0.5425630745192308 0.22545871634615383
11 0.5823795865384616 0.22722477163461538 0.6173107788461538 0.22722477163461538 0.680814221153846 0.22722477163461538 0.6966915144230769 0.16212729326923075 0.5934919735576923 0.17800458653846155 0.5442775240384615 0.19388187980769228 0.5569782115384615 0.22404816586538462 0.5823795865384616 0.22722477163461538
13 0.7618348629807692 0.71938646875 0.8136525240384616 0.22103784375 0.7574254591346155 0.22655389903846151 0.7145068798076923 0.9927178894230769 0.7443807331730768 0.9984518341346154 0.7618348629807692 0.71938646875
18 0.6839908245192308 0.42885321153846157 0.6443004591346154 0.40027522836538465 0.5871444951923077 0.40027522836538465 0.5871444951923077 0.41297591826923075 0.5442775240384615 0.41456422115384617 0.6204816514423077 0.4860091754807693 0.6966915144230769 0.4796616971153846 0.6839908245192308 0.42885321153846157
5 0.576032110576923 0.7082798173076923 0.5982568798076924 0.5050630745192307 0.5077637620192308 0.4177408245192308 0.2172190360576923 0.43679472596153845 0.24420871634615388 0.6225458725961539 0.4966456418269231 0.6066743124999999 0.576032110576923 0.7082798173076923