5 0.4516086033653846 0 0.3040208341346154 0.0011759254807692308 0.3175694447115385 0.15398148076923077 0.6315972211538461 0.16388888942307694 0.6450075697115385 0 0.4516086033653846 0
16 0.03641666586538462 0.9936481490384614 0.044923610576923075 0.9990740745192308 0.05831944471153846 0.9990740745192308 0.26265277884615384 0.5813240745192307 0.03722916586538461 0.6051944447115385 0.001423610576923077 0.6713796298076923 0.001423610576923077 0.9296296298076924 0.03641666586538462 0.9936481490384614
10 0.2600694447115385 0.11379629567307692 0.1851875 0.11065740625 0.20166666586538462 0.20731481490384615 0.27326388942307694 0.20990740625 0.2600694447115385 0.11379629567307692
11 0.40135416586538464 0.24377777884615387 0.4070069447115384 0.26011111057692304 0.5393472211538461 0.2619907403846154 0.5417013894230769 0.24817592548076922 0.5647777788461539 0.24629629567307693 0.6241180552884615 0.19919444471153847 0.6236458341346154 0.1835 0.5986875 0.16591666586538462 0.35614583413461537 0.15398148076923077 0.34766666586538464 0.17094444471153844 0.3509652788461538 0.19354629567307693 0.37309722115384614 0.2469166658653846 0.40135416586538464 0.24377777884615387
18 0.3500208341346154 0.47272222115384616 0.33193750000000005 0.5699259254807691 0.6320277788461539 0.5337592596153846 0.5902083341346154 0.45237962980769236 0.3500208341346154 0.47272222115384616
23 0.7880069447115384 0.53225 0.6308958341346155 0.5526018509615385 0.6111180552884615 0.8148240745192308 0.7484444447115385 0.7861851850961539 0.7880069447115384 0.53225
14 0.8100486105769231 0.10575925961538461 0.6399375 0.08767592548076923 0.6218541658653846 0.28736111057692304 0.786875 0.28660185096153845 0.8100486105769231 0.10575925961538461
16 0.04338888942307692 0.9982129639423077 0.04856944471153846 0.9901481490384616 0.13579166586538463 0.8197407403846154 0.25927777884615383 0.5906111105769231 0.051159721153846156 0.6113333341346153 0.005395834134615385 0.6781203701923076 0.007118055288461538 0.9187592596153846 0.04338888942307692 0.9982129639423077
5 0.3024692596153846 0 0.3275 0.14847222115384615 0.6392430552884616 0.16343518509615385 0.6444236105769231 0.004546295673076923 0.3072650745192308 0 0.3024692596153846 0
11 0.3689513894230769 0.23943518509615383 0.3991736105769231 0.23482407451923076 0.41040277884615384 0.25325000000000003 0.43458333413461536 0.2567037043269231 0.450125 0.2428888894230769 0.497625 0.24863888942307694 0.5071180552884615 0.25785185096153845 0.5382083341346153 0.2567037043269231 0.5494375 0.24863888942307694 0.6193819447115385 0.20374074038461537 0.6245624999999999 0.1899166658653846 0.5986597211538461 0.1657407403846154 0.35686111057692305 0.15307407451923077 0.3447708341346154 0.16688888942307692 0.34736111057692304 0.1899166658653846 0.3689513894230769 0.23943518509615383
14 0.7998680552884616 0.13580555528846155 0.6530625 0.1242870360576923 0.6452916658653846 0.25209259375 0.779138889423077 0.25325000000000003 0.7998680552884616 0.13580555528846155
18 0.5615277788461538 0.5284351850961538 0.6090208341346154 0.5157685192307693 0.562388889423077 0.46971296394230766 0.5157569447115384 0.4743148149038462 0.49934722115384617 0.4743148149038462 0.46566666586538463 0.47316666586538464 0.40176388942307695 0.47662037019230774 0.38967361057692307 0.49159259375000003 0.3775902788461538 0.5457037043269231 0.4397638894230769 0.5457037043269231 0.5615277788461538 0.5284351850961538