13 0 0.9966675024038462 0.12302666586538462 0.9996666658653847 0.21262666586538462 0.9996666658653847 0.18667555528846155 0.34560333413461536 0.0009111105769230769 0.3338866658653846 0 0.6813471033653846 0 0.9966675024038462
14 0.535768889423077 0.70198 0.2209688894230769 0.7880066658653846 0.23436444471153847 0.9632 0.5374444447115384 0.8307066658653847 0.535768889423077 0.70198
23 0.7048933341346154 0.8589633341346155 0.7132666658653846 0.6335366658653846 0.5374444447115384 0.6756066658653845 0.5332577788461539 0.9518966658653846 0.549168889423077 0.9525266658653847 0.7048933341346154 0.8589633341346155
11 0.25596444471153845 0.18564333413461537 0.2523466658653846 0.4614333341346154 0.6538222211538461 0.4786133341346154 0.6562355552884616 0.24894 0.25596444471153845 0.18564333413461537
10 0.9995555552884615 0.2773233341346154 0.9995555552884615 0.2735233341346154 0.9962577788461539 0.20769333413461538 0.8929955552884615 0.2411833341346154 0.8943911105769231 0.2961266658653846 0.9995555552884615 0.2773233341346154
16 0.9993955552884616 0.6104433341346154 0.8150666658653846 0.5768666658653846 0.6982222211538461 0.6094 0.9995555552884615 0.69621 0.9995555552884615 0.6341066658653846 0.9993955552884616 0.6104433341346154
14 0.5305066658653846 0.7074733341346153 0.23061777884615384 0.7901633341346154 0.24384888942307692 0.95885 0.5319777788461538 0.8309566658653846 0.5305066658653846 0.7074733341346153
18 0.6510533341346154 0.6347066658653847 0.5599066658653846 0.59722 0.3202888894230769 0.6369100000000001 0.3717422211538462 0.7041666658653847 0.551088889423077 0.6644733341346154 0.6510533341346154 0.6347066658653847
11 0.24972888942307694 0.4053766658653846 0.25708 0.43624999999999997 0.5407955552884616 0.43514666586538464 0.6495822211538461 0.42963333413461535 0.6584000000000001 0.4119933341346154 0.6451733341346154 0.4075833341346154 0.5246266658653846 0.39325000000000004 0.5260977788461538 0.22676666586538463 0.4202666658653846 0.1937 0.35702222115384613 0.2422 0.3643911105769231 0.3734033341346154 0.3129422211538462 0.37891666586538464 0.24972888942307694 0.4053766658653846
5 0.8318666658653846 0.8386733341346153 0.8480355552884615 0.8386733341346153 0.902431110576923 0.8530066658653847 0.9995555552884615 0.7715933341346154 0.9995555552884615 0.7086133341346154 0.7451333341346154 0.6269866658653847 0.7377822211538461 0.83647 0.8245155552884615 0.8827766658653846 0.8318666658653846 0.8386733341346153
13 0 0.8062110264423077 0.0012888894230769232 0.99744 0.21003555528846155 0.9963366658653846 0.17916444471153847 0.35907 0 0.34390096153846156 0 0.8062110264423077
16 0.8509777788461539 0.59722 0.7730666658653846 0.6137566658653847 0.9862222211538462 0.6766 0.997982221153846 0.6313966658653847 0.8509777788461539 0.59722