18 0.5952 0.5751000000000001 0.45022222115384614 0.5635333341346154 0.38069333413461537 0.59297 0.5469777788461538 0.6106333341346154 0.5952 0.5751000000000001
18 0.5466933341346154 0.6113999999999999 0.3783244447115385 0.5941366658653846 0.28505777884615385 0.6280533341346154 0.4812844447115384 0.6619700000000001 0.5466933341346154 0.6113999999999999
18 0.49081777884615385 0.5718599999999999 0.43936444471153846 0.5729633341346154 0.39967111057692306 0.5884 0.5334488894230769 0.60604 0.5496177788461538 0.5872966658653846 0.49081777884615385 0.5718599999999999
16 0.695151110576923 0.5575266658653846 0.6510533341346154 0.55422 0.6275288894230768 0.5685533341346154 0.6922133341346155 0.57958 0.695151110576923 0.5575266658653846
15 0.5893111105769231 0.6258833341346153 0.4481866658653846 0.7670100000000001 0.45700444471153845 0.8772633341346154 0.592248889423077 0.6876266658653846 0.5893111105769231 0.6258833341346153
18 0.3688 0.5994233341346153 0.3232311105769231 0.6203733341346154 0.4658266658653846 0.6512433341346154 0.5069866658653847 0.6181666658653846 0.3688 0.5994233341346153
11 0.5187466658653845 0.44286333413461537 0.5187466658653845 0.4340433341346154 0.3688 0.4252233341346154 0.3717422211538462 0.44507 0.44377333413461534 0.44948 0.5187466658653845 0.44286333413461537
11 0.51668 0.4470666658653846 0.5156888894230769 0.43646666586538463 0.3622444447115385 0.42587 0.3639244447115385 0.44025333413461537 0.51668 0.4470666658653846
15 0.5958888894230769 0.6148033341346154 0.4383244447115385 0.77135 0.4551866658653846 0.88778 0.5970533341346154 0.68152 0.5958888894230769 0.6148033341346154
5 0.4628844447115385 0.94562 0.43936444471153846 0.7184966658653846 0.12477333413461539 0.9643633341346154 0.14248888942307694 0.9913000000000001 0.4239555552884615 0.9996666658653847 0.4628844447115385 0.94562
5 0.005699110576923077 0 0.004231110576923077 0.1573066658653846 0.05127111057692308 0.4263266658653846 0.07185333413461538 0.4263266658653846 0.3673333341346154 0.4384533341346154 0.3688 0.4263266658653846 0.5158088894230769 0.43184 0.5246266658653846 0.4472733341346154 0.592248889423077 0.44837666586538466 0.586368889423077 0.3403266658653846 0.039511110576923074 0.004053334134615385 0.008427341346153847 0 0.005699110576923077 0
5 0 0.005822485576923077 0.04859555528846154 0.42924 0.36293333413461537 0.44033333413461534 0.35096888942307697 0.20246333413461537 0.028342221153846155 0.0006399999999999999 0 0.0006399999999999999 0 0.005822485576923077