5 0.5481466658653846 0.7240099999999999 0.5422666658653846 0.60604 0.562848889423077 0.5707566658653846 0.4628844447115385 0.50681 0.23208888942307693 0.5222466658653846 0.2512 0.6501399999999999 0.4687644447115385 0.6325000000000001 0.5481466658653846 0.7240099999999999
16 0.45700444471153845 0.5013 0.43642222115384616 0.47814666586538457 0.27177777884615384 0.4880666658653846 0.2526666658653846 0.5145299999999999 0.4540666658653846 0.50681 0.45700444471153845 0.5013
13 0.6143022211538461 0.38884 0.653991110576923 0.38002 0.6554622211538461 0.37009666586538464 0.6628133341346154 0.33702 0.5231555552884616 0.3568666658653846 0.49669777884615385 0.37009666586538464 0.5437377788461538 0.38332666586538466 0.6143022211538461 0.38884
18 0.59372 0.5531166658653845 0.6451733341346154 0.5487066658653846 0.7083822211538462 0.5420933341346154 0.6143022211538461 0.51122 0.5599066658653846 0.4913766658653846 0.5334488894230769 0.5024 0.5128666658653847 0.5024 0.48199555528846155 0.5024 0.57608 0.5575266658653846 0.59372 0.5531166658653845
23 0.5854222211538461 0.8406833341346154 0.6650799999999999 0.9318233341346154 0.6796133341346154 0.92746 0.7249644447115385 0.6662566658653847 0.5726311105769231 0.5725033341346154 0.5464711105769231 0.6104433341346154 0.5418177788461539 0.77135 0.5854222211538461 0.8406833341346154
5 0.4980933341346154 0.37514000000000003 0.49600000000000005 0.3672933341346154 0.505071110576923 0.36415333413461537 0.5113511105769231 0.29979 0.2678533341346154 0.28252 0.2769244447115385 0.3877 0.5064666658653846 0.39816666586538463 0.5064666658653846 0.3777566658653846 0.4980933341346154 0.37514000000000003
11 0.6601511105769231 0.39548666586538467 0.663382221153846 0.33401333413461537 0.5305466658653846 0.3588433341346154 0.49864888942307695 0.36853333413461536 0.49864888942307695 0.37671000000000004 0.6601511105769231 0.39548666586538467
13 0.8845555552884616 0.9996666658653847 0.9962222211538462 0.9971666658653846 0.9941377788461538 0.21435333413461538 0.78164 0.2893533341346154 0.6753866658653845 0.9346666658653846 0.7147822211538462 0.9996666658653847 0.8845555552884616 0.9996666658653847
5 0.5231555552884616 0.38002 0.49963555528846154 0.3767133341346154 0.49963555528846154 0.36679 0.5305066658653846 0.35907 0.6510533341346154 0.33260999999999996 0.6584000000000001 0.4219166658653846 0.7672 0.41090000000000004 0.8112888894230769 0.15399999999999997 0.5172755552884616 0.3039433341346154 0.26884 0.27969 0.2806 0.3866333341346154 0.5231555552884616 0.4031733341346154 0.5231555552884616 0.38002
13 0.997982221153846 0.9963366658653846 0.9950444447115385 0.22676666586538463 0.7774755552884615 0.28851 0.6892711105769231 0.9301833341346154 0.7216133341346154 0.9941333341346154 0.997982221153846 0.9963366658653846
12 0.40973777884615387 0.4264933341346154 0.36468 0.4264933341346154 0.36468 0.49008666586538463 0.40973777884615387 0.49008666586538463 0.40973777884615387 0.4264933341346154
16 0.25114222115384616 0.48875666586538463 0.24104444471153846 0.5175233341346154 0.4776533341346154 0.5035933341346154 0.44575555528846156 0.48390999999999995 0.25114222115384616 0.48875666586538463
18 0.5765733341346154 0.4932966658653846 0.4772488894230769 0.5017766658653846 0.5927244447115385 0.5690033341346153 0.7413111105769231 0.54508 0.5765733341346154 0.4932966658653846