5 0.34496499999999997 0.7830533341346153 0.43813749999999996 0.7758666658653847 0.4412175 0.60133 0.347275 0.5992766658653846 0.17248 0.9914733341346154 0.255845 0.9996666658653847 0.2987225 0.9996666658653847 0.34496499999999997 0.7830533341346153
5 0.5876750000000001 0.6214533341346153 0.566115 0.5803866658653847 0.4598525 0.57936 0.4521525 0.8565666658653845 0.568425 0.8483533341346153 0.5876750000000001 0.6214533341346153
5 0.6639075 0.81447 0.78064 0.9996666658653847 0.787075 0.9996666658653847 0.8317725 0.7672433341346154 0.6500475 0.60708 0.6485074999999999 0.6348 0.6677575 0.6543066658653847 0.6639075 0.81447
16 0.31971 0.5937333341346154 0.2334675 0.5896266658653846 0.174945 0.6604666658653847 0.2935275 0.6604666658653847 0.31971 0.5937333341346154
18 0 0.9971679567307692 0.00006 0.9996666658653847 0.11729250000000001 0.9996666658653847 0.2519475 0.7415766658653846 0.03172 0.7426033341346153 0 0.7743233341346154 0 0.9971679567307692
5 0 0 0 0.20022992788461538 0.141835 0.26827 0.2812075 0.36375333413461536 0.2796675 0.20359 0.3043075 0.2148833341346154 0.30892749999999997 0.15328 0.2812075 0.10502666586538462 0.2796675 0.07114666586538462 0.2526167379807692 0 0 0
23 0.2029075 0.4435733341346154 0.340215 0.44134 0.33602750000000003 0.25045 0.303375 0.21584333413461537 0.2816075 0.21026 0.2782575 0.38217333413461535 0.1978825 0.3676633341346154 0.2029075 0.4435733341346154
13 0.99975 0.75973 0.99975 0.34502 0.8994949999999999 0.3509166658653846 0.787275 0.9996666658653847 0.93144 0.9996666658653847 0.99975 0.75973
14 0.7864675 0.6534433341346154 0.79149 0.5808800000000001 0.82498 0.56302 0.73037 0.5217166658653846 0.6692525 0.52395 0.6600425 0.5976266658653846 0.73372 0.6523266658653846 0.7864675 0.6534433341346154
5 0.896145 0.3486866658653846 0.99975 0.34329 0.99975 0.00020666586538461537 0.9673125 0.00709 0.9698225 0.020486665865384616 0.7312075 0.18012 0.7144625 0.41455 0.88861 0.42906 0.896145 0.3486866658653846
12 0.2587025 0.5355766658653847 0.1761925 0.5355766658653847 0.1761925 0.6116833341346154 0.2587025 0.6116833341346154 0.2587025 0.5355766658653847
10 0.4486475 0.20515999999999998 0.3876125 0.20515999999999998 0.3876125 0.30161 0.4486475 0.30161 0.4486475 0.20515999999999998