16 0.99921875 0.85446875 0.9989687500000001 0.7374375 0.8000390625 0.592 0.6355859375 0.59728125 0.9263203124999999 0.9989583341346153 0.99921875 0.9989583341346153 0.99921875 0.85446875
10 0.66421875 0.2187604158653846 0.6180625 0.2187604158653846 0.6091171875 0.2200104158653846 0.608171875 0.29096875 0.6595078125 0.29034375 0.66421875 0.2187604158653846
12 0.99921875 0.6382812499999999 0.946890625 0.6382812499999999 0.946890625 0.7489583341346153 0.99921875 0.7489583341346153 0.99921875 0.6382812499999999
14 0.274796875 0.15752083413461537 0.0550703125 0.1430520841346154 0.084234375 0.34740624999999997 0.28971874999999997 0.35373958413461537 0.274796875 0.15752083413461537
18 0.3477421875 0.5276979158653846 0.2883984375 0.6049375 0.57003125 0.61059375 0.5347109375 0.5276979158653846 0.3477421875 0.5276979158653846
23 0.3141875 0.9179791658653845 0.2870625 0.6301354158653846 0.1214765625 0.6338958341346154 0.17685937499999999 0.96996875 0.303453125 0.9473645841346153 0.3141875 0.9179791658653845
5 0.5762421875 0.2453854158653846 0.5790624999999999 0.04875 0.2648515625 0.02234375 0.2812421875 0.2310625 0.5762421875 0.2453854158653846
11 0.53659375 0.3374375 0.553078125 0.2790416658653846 0.5521328125 0.2589479158653846 0.54365625 0.24513541586538462 0.312890625 0.24072916586538462 0.28934375 0.2514166658653846 0.29640625000000004 0.27276041586538463 0.3519765625 0.3280208341346154 0.53659375 0.3374375
5 0.6445703125000001 0.9876458341346154 0.8452968750000001 0.9989583341346153 0.8645859375 0.9989583341346153 0.62384375 0.6173541658653845 0.2891328125 0.6256458341346154 0.31917968750000003 0.8964583341346154 0.6062265625 0.8715833341346154 0.6445703125000001 0.9876458341346154
11 0.346125 0.3078541658653846 0.36892187499999995 0.3064791658653846 0.37100000000000005 0.32582291586538464 0.4020859375 0.3271979158653846 0.4124453125 0.3064791658653846 0.4735859375 0.31477083413461543 0.4798046875 0.32582291586538464 0.50675 0.32582291586538464 0.5088203125 0.31477083413461543 0.5253984375 0.312 0.555453125 0.2816041658653846 0.55234375 0.2429166658653846 0.3181484375 0.234625 0.291203125 0.2498229158653846 0.2932734375 0.26640625 0.346125 0.3078541658653846
18 0.35234374999999996 0.5303125000000001 0.31192968750000005 0.5855729158653846 0.546125 0.5855729158653846 0.53265625 0.5303125000000001 0.35234374999999996 0.5303125000000001
16 0.99921875 0.9981875 0.99921875 0.75815625 0.808390625 0.59621875 0.659859375 0.6077291658653846 0.9582578125 0.9989583341346153 0.9964531249999999 0.9989583341346153 0.99921875 0.9981875
14 0.27151562500000004 0.31753125 0.258046875 0.18488541586538462 0.0829140625 0.17383333413461538 0.091203125 0.312 0.233171875 0.31753125 0.27151562500000004 0.31753125
5 0.28809375 0.2318645841346154 0.5803203125 0.24153125 0.5958671875 0.07020833413461539 0.0476796875 0.02184375 0.0445703125 0.1323854158653846 0.28084375 0.15725 0.28809375 0.2318645841346154