18 0.394609375 0.5255208341346154 0.45230468749999997 0.45540364663461536 0.38676269471153846 0.45382812499999997 0.3793066394230769 0.46115885336538465 0.3851904302884615 0.52447265625 0.394609375 0.5255208341346154
11 0.45732421874999996 0.2953645841346154 0.45732421874999996 0.2818489591346154 0.4272363269230769 0.2600455721153846 0.3477636730769231 0.22167317788461538 0.35103515625 0.3075716153846154 0.4295263677884616 0.3080078125 0.4324707043269231 0.2966731778846154 0.45732421874999996 0.2953645841346154
12 0.6028125 0.39935546875 0.5802050769230769 0.39935546875 0.5802050769230769 0.4583854158653846 0.6028125 0.4583854158653846 0.6028125 0.39935546875
13 0.3749169927884616 0.3680338533653846 0.006298829326923077 0.3850260408653846 0.00034179567307692307 0.4040364591346154 0.0033251947115384615 0.9993489591346154 0.42520019471153847 0.9993489591346154 0.3749169927884616 0.3680338533653846
11 0.3639550793269231 0.300703125 0.3639550793269231 0.3087630216346154 0.43044921875000003 0.3087630216346154 0.43044921875000003 0.300703125 0.44253906249999997 0.2926432283653846 0.4529003918269231 0.2845833341346154 0.4200830072115384 0.25119140625 0.35272949278846155 0.22816406250000001 0.3492724615384616 0.2316145841346154 0.35359375 0.2868815096153846 0.3639550793269231 0.300703125
13 0.4148876947115384 0.9993489591346154 0.3967675793269231 0.7002408846153846 0.3639550793269231 0.3640299471153846 0.19814941346153844 0.3640299471153846 0.0064453125 0.4135416658653846 0.008154295673076923 0.9938802091346154 0.4068359375 0.9993489591346154 0.4148876947115384 0.9993489591346154
5 0.540966798076923 0.3007161466346154 0.6584472644230769 0.297265625 0.6713818365384616 0.1141731778846154 0.4477197259615385 0.1418033846153846 0.44685546875 0.2316145841346154 0.54357421875 0.225859375 0.540966798076923 0.3007161466346154
5 0.4589453125 0.2811263028846154 0.4520361322115385 0.22470703125000002 0.43994628846153844 0.14526041586538463 0.31818359375 0.003639322115384615 0.0012597644230769231 0.0024869783653846153 0.0021240240384615386 0.22125650961538462 0.34668456971153844 0.29033854086538463 0.3484082043269231 0.22931640625 0.4313134759615384 0.2557942716346154 0.4589453125 0.2811263028846154
5 0.64806640625 0.6656966153846154 0.6575634759615384 0.4918359375 0.47103515625000003 0.4780208341346154 0.4088574230769231 0.5482552091346153 0.4356298822115384 0.753203125 0.4822607427884616 0.6392187500000001 0.64806640625 0.6656966153846154
16 0.6264746081730769 0.4515364591346154 0.5565283197115385 0.4469270841346154 0.5504833990384616 0.4699609375 0.6333837884615385 0.4745638028846154 0.6264746081730769 0.4515364591346154
18 0.38985839903846153 0.5332877596153847 0.40454101442307694 0.5298307283653846 0.4356298822115384 0.4998958341346154 0.4537646490384616 0.47916666586538464 0.44253906249999997 0.4584440096153846 0.3967675793269231 0.4515364591346154 0.3838134759615385 0.4699609375 0.3812011730769231 0.5182942716346154 0.38985839903846153 0.5332877596153847